1
1
1
1
1
1
1
1
1
1
1
1
1
1
1
1
1
1
1
1
1
1
1
1
1
1
1
1
1
1
1
1
1
1
1
1
1
1
1
1
1
1
1
1
1
1
1
1
1
1
1
1
1
1
1
1
1
1
1
1
1
1
1
1
1
1
1
1
1
1
1
1
1
1
1
1
1
1
1
1
1
1
1
1
1
1
1
1
1
1
1
1
1
1
1
1
1
1
1
1
1
1
1
1
1
1
1
1
1
1
1
1
1
1
1
22
1
1
1
1
1
1
1
1
1
1
1
1
1
1
1
1
1
1
1
1
1
1
1
1
1
1
1
1
1
1
1
1
1
1
1
1
1
1
1
1
1
1
1
1
1
1
1
1
1
1
1
1
1
1
1
1
1
1
1
1
1
1
1
1
1
1
1
1
1
1
1
1
1
1
1
1
1
1
1
1
1
1
1
1
1
1
1
1
1
1
1
1
1
1
1
1
1
1
1
1
1
1
1
1
1
1
1
1
1
1
1
1
1
1
1
1
1
1
1
1
1
1
5
1
1
1
1
1
1
1
1
1
1
1
1
1
1
1
1
1
1
1
1
1
1
1
1
1
1
1
1
1
1
1
1
1
1
1
1
1
1
1
1
1
1
1
1
1
1
1
1
1
1
1
1
1
1
1
1
1
3
36
1
1
1
1
1
1
1
1
1
1
1
1
1
1
1
1
1
1
1
1
1
1
1
1
1
1
1
1
1
1
1
1
1
1
1
1
1
1
1
1
1
1
1
1
1
1
1
1
1
1
1
1
1
1
1
1
1
1
1
1
1
1
1
1
1
1
1
1
1
1
1
1
1
1
2
1
1
1
1
1
1
1
1
1
1
1
1
1
1
1
1
1
1
1
1
1
1
1
1
1
1
1
1
4
1
1
1
1
1
1
1
1
1
1
1
1
1
2
1
1
1
1
1
2
2
2
2
2
1
1
1
1
1
1
1
1
1
1
1
1
1
1
1
1
1
1
1
1
1
1
1
1
1
1
1
1
1
1
1
1
1
1
1
1
1
1
1
1
1
1
1
1
1
1
1
1
1
1
1
1
1
1
1
1
1
1
1
1
1
1
1
1
1
1
1
17
14
1828
16
37
25
3
3
3
38
1
1
2
2
2
2
1
5
34
72
61
11
5
25
17
5
1
1
1
1
2
2
4
1
8
8
8
8
8
8
8
8
8
8
8
8
2
2
2
2
2
2
2
2
2
3
4
2
3
4
1
1
4
4
4
7
20
5
5
1
4
4
4
4
4
4
9
7
10
4
4
4
16
4
4
4
4
1
1
1
4
4
4
4
4
4
12
4
1
4
4
139
8
8
3
4
6
7
6
7
6
11
11
1
7
1
1
1
1
1
1
1
1
1
1
1
1
1
1
1
1
1
1
1
1
1
1
1
1
1
1
1
1
1
4
3
1
1
1
1
40
19
7
4
2
7
2
2
7
7
19
13
14
8
8
7
2
4
3
22
4
4
5
5
7
5
1
3
4
2
2
4
1
4
114
4
4
4
4
4
4
2
3
1
7
5
5
5
2
4
3
3
4
4
3
3
2
4
4
1
1
1
1
1
1
1
1
1
1
1
1
1
1
1
1
1
1
1
1
1
1
1
1
1
1
1
1
1
1
1
1
1
1
1
1
1
1
1
1
1
1
1
1
1
1
1
1
1
1
1
1
6
6
6
6
6
6
6
6
6
19
19
19
19
19
19
19
19
19
2
20
14
5
5
5
5
20
14
5
5
5
5
20
14
5
5
5
5
20
14
5
5
5
5
20
14
5
5
5
5
20
14
5
5
5
5
20
14
5
5
5
5
20
14
5
5
5
5
20
14
5
5
5
5
10
8
8
8
5
5
5
5
3
3
3
3
3
3
3
4
4
4
4
4
4
4
4
4
4
4
4
6
11
14
11
10
5
5
5
6
6
7
5
3
3
3
3
7
7
7
6
1
1
1
1
1
1
1
1
1
1
1
1
1
1
53
17
32
42
4
5
10
8
20
20
44
44
18
10
7
7
7
7
6
20
14
5
1
1
1
1
1
1
1
1
1
1
1
19
1
37
34
1
1
2
15
16
17
16
43
24
6
4
15
3
2
2
2
1
1
1
1
1
1
1
1
1
1
1
1
1
1
1
1
1
4
7
11
3
1
1
1
1
1
1
1
1
1
1
1
1
1
1
1
1
1
1
1
1
1
1
1
1
1
1
1
1
1
1
1
1
1
1
1
2
2
1
1
1
1
1
1
1
1
1
1
1
1
1
1
1
1
1
1
1
1
1
1
1
1
1
1
1
1
1
1
1
1
1
1
1
1
1
1
1
1
1
1
1
1
1
1
2
1
1
1
1
1
1
1
1
1
1
1
1
1
1
1
1
1
1
1
1
1
1
1
1
1
2
1
1
1
1
5
3
1
1
1
1
1
1
1
1
1
1
1
1
1
1
1
1
1
1
1
1
1
1
5
1
1
1
1
1
1
3
13
6
1
1
4
4
1
1
1
1
1
1
1
1
1
1
1
1
1
1
1
1
1
1
1
1
1
1
1
1
1
1
1
1
1
1
1
1
1
1
1
1
1
1
1
1
1
1
1
1
1
1
1
1
1
1
1
4
2
2
1
1
1
1
1
1
1
1
1
1
4
1
7
1
1
1
1
1
1
2
2
1
1
1
1
1
1
1
1
1
6
2
2
1
1
1
19
19
1
9
2
3
4
3
4
3
11
3
1
1
3
1
16
58
15
4
1
1
1
1
1
1
1
1
2
2
2
2
5
2
5
4
3
3
3
1
1
1
1
1
1
1
1
1
7
5
7
5
7
5
7
5
7
5
7
5
7
5
7
5
7
5
7
5
7
5
7
5
7
5
7
5
7
5
7
5
7
5
7
5
5
8
8
4
6
4
10
8
4
4
4
4
4
4
4
4
4
4
4
4
6
19
4
3
31
19
11
15
15
17
17
17
7
10
10
10
10
15
1
1
1
5
5
1
4
7
4
5
5
5
5
5
1
1
1
5
5
9
4
9
8
2
2
27
2
7
5
5
5
2
2
8
4
7
4
4
3
4
4
4
4
4
4
4
4
4
4
4
4
3
3
4
4
4
6
7
7
7
30
3
30
17
17
10
8
8
8
8
8
8
8
19
8
26
10
16
15
30
30
30
30
4
15
7
3
56
5
53
5
3
45
9
5
5
7
7
2
2
2
3
3
3
3
3
3
3
3
3
3
3
3
3
3
3
3
3
3
4
4
4
4
4
4
4
4
4
4
4
4
4
4
4
4
4
4
4
4
4
4
4
8
21
4
1
3
3
3
3
3
6
5
5
3
5
2
15
6
2
4
5
2
6
6
6
6
6
6
8
12
8
8
12
7
8
7
8
6
19
8
3
3
15
15
220
2
28
21
3
3
3
8
10
10
10
10
10
10
8
8
8
21
21
22
35
26
3
8
34
34
6
17
16
15
15
31
31
5
5
5
5
3
4
5
5
4
4
4
4
4
4
4
4
4
4
4
4
4
4
1
4
4
4
4
4
4
4
4
1
4
4
4
4
4
4
4
4
4
4
4
4
4
4
4
4
4
4
4
4
4
4
4
4
4
4
4
4
4
4
4
4
4
4
4
1
4
4
4
4
4
4
4
4
4
4
4
4
4
4
4
4
4
13
11
11
12
20
20
8
21
2
7
4
4
7
4
10
3
2
1
17
5
3
3
3
2
4
5
4
5
5
5
5
5
4
6
4
7
16
4
4
5
5
4
4
4
4
4
4
4
4
5
5
5
17
9
9
11
6
6
6
6
6
6
6
6
6
6
6
2
2
7
8
7
8
2
3
2
5
2
2
2
2
2
2
2
2
2
2
3
24
6
5
5
4
4
4
10
5
5
4
4
8
5
5
5
5
5
5
5
5
5
5
5
5
5
5
5
5
5
5
4
4
3
9
2
13
13
2
9
9
5
5
5
5
5
5
5
2
4
5
5
5
5
5
5
5
5
5
5
5
5
5
5
5
5
7
5
6
4
4
5
2
2
2
4
7
4
7
3
3
10
8
14
15
2
2
2
4
2
5
11
6
20
10
56
41
7
7
7
7
7
7
7
7
48
84
22
7
18
3
119
7
6
7
7
7
7
7
7
7
7
7
7
7
20
34
34
9
1
5
32
7
6
3
5
29
99
99
99
99
2
2
7
4
4
4
2
2
2
2
8
5
5
5
5
1
5
5
5
6
6
6
6
1
6
6
6
10
8
8
20
76
5
5
5
9
6
48
20
13
3
6
6
5
4
4
2
16
1
3
3
3
3
3
3
3
3
3
3
3
3
3
8
3
3
3
3
3
3
3
3
3
3
3
3
3
3
3
8
3
3
3
3
3
3
3
3
3
3
3
3
3
3
20
5
13
13
10
6
9
2
6
6
6
6
4
12
4
3
3
3
3
3
3
3
3
3
2
2
3
4
16
19
5
3
12
4
4
6
6
1
1
4
5
4
5
8
3
1
11
1
1
5
9
8
7
2
2
2
2
1
1
2
1
1
6
6
6
6
6
6
6
6
6
6
6
6
9
9
9
9
9
9
4
4
4
5
5
5
5
4
4
4
4
4
4
4
4
4
4
110
2
2
4
4
3
2
2
2
2
2
2
1
1
2
1
1
1
1
11
1
1
2
1
2
1
4
4
5
5
8
